33, 14:46:30, 1, 120
33, 14:50:00, 1, 120
33, 14:52:30, 1, 120
 
289, 14:46:30, 1, 120
289, 14:50:00, 1, 120
289, 14:52:30, 1, 120
 
536, 14:46:30, 1, 120
536, 14:50:00, 1, 120
536, 14:52:30, 1, 120
 
780, 14:46:30, 1, 120
780, 14:50:00, 1, 120
780, 14:52:30, 1, 120
 
33, 14:55:30, 2, 10
33, 14:56:30, 2, 10
33, 14:57:30, 2, 10
33, 14:58:00, 2, 10
33, 14:58:30, 2, 10
33, 14:59:30, 2, 10
33, 15:00:10, 2, 10
33, 15:00:40, 2, 10
33, 15:01:10, 2, 10
 
289, 14:55:30, 2, 10
289, 14:56:30, 2, 10
289, 14:57:30, 2, 10
289, 14:58:00, 2, 10
289, 14:58:30, 2, 10
289, 14:59:30, 2, 10
289, 15:00:10, 2, 10
289, 15:00:40, 2, 10
289, 15:01:10, 2, 10
 
536, 14:55:30, 2, 10
536, 14:56:30, 2, 10
536, 14:57:30, 2, 10
536, 14:58:00, 2, 10
536, 14:58:30, 2, 10
536, 14:59:30, 2, 10
536, 15:00:10, 2, 10
536, 15:00:40, 2, 10
536, 15:01:10, 2, 10
 
780, 14:55:30, 2, 10
780, 14:56:30, 2, 10
780, 14:57:30, 2, 10
780, 14:58:00, 2, 10
780, 14:58:30, 2, 10
780, 14:59:30, 2, 10
780, 15:00:10, 2, 10
780, 15:00:40, 2, 10
780, 15:01:10, 2, 10

33, 15:03:00, 3, 10 
33, 15:04:00, 3, 10 
 
289, 15:03:00, 3, 10 
289, 15:04:00, 3, 10 
 
536, 15:03:00, 3, 10 
536, 15:04:00, 3, 10 
 
780, 15:03:00, 3, 10 
780, 15:04:00, 3, 10 

202, 15:21:00, 4, 10
202, 15:21:30, 4, 10
202, 15:22:00, 4, 10
 
456, 15:21:00, 4, 10
456, 15:21:30, 4, 10
456, 15:22:00, 4, 10

708, 15:21:00, 4, 10
708, 15:21:30, 4, 10
708, 15:22:00, 4, 10
 
708, 15:21:00, 4, 10
708, 15:21:30, 4, 10
708, 15:22:00, 4, 10